10
10
4
4
0
1
2
3
0
0
0
0
0
0
0
0
0
0
0
0
1
2
3
4
4
5
6
7
8
9
a
b
0
1
2
3
2
3
20
1
2
3
c
e
10
12
14
1
1
2
3
4
3
4
1
2
3
4
12
15
18
1b
1e
21
2
3
4
5
0
4
2
3
4
5
18
1c
20
24
28
2c
3
4
5
6
0
5
3
4
5
6
1e
23
28
2d
32
37
3
4
5
6
0
6
c
12
18
1e
24
2a
30
36
3c
42
48
4e
54
5a
0
4
e
15
1c
23
2a
31
38
3f
46
4d
54
5b
62
69
0
8
10
18
20
28
30
38
40
48
50
58
60
68
70
78
0
9
12
1b
24
2d
36
3f
48
51
5a
63
6c
75
7e
87
0
a
14
1e
28
32
3c
46
50
5a
64
6e
78
82
8c
96
0
b
16
21
2c
37
42
4d
58
63
6e
79
84
8f
9a
a5
0
c
18
24
30
3c
48
54
60
6c
78
84
a
3
64
3
0
d
1a
27
34
41
4e
5b
68
72
82
8f
24
2a
17
2c
0
e
1c
2a
38
46
54
62
70
7e
8c
9a
19
22
21
3a
0
f
1e
2d
3c
4b
5a
69
78
87
96
a5
23
4a
37
42
0
1
2
3
1
2
3
4
2
3
4
5
3
4
5
6